61 42 202 56 0 244 34 18 299 49 244 34 18 288 49 76 165 42 1 -1
108 269 55 299 49 0 108 269 55 288 56 131 25 150 71 0 -1
65 56 66 132 65 51 18 1 -1
-1
202 56 61 42 0 257 51 72 302 0 244 34 18 82 102 88 103 96 23 0 -1
327 55 42 64 52 242 70 73 42 130 127 55 69 19 52 254 20 70 73 47 0 -1
246 55 62 65 49 76 229 47 0 299 22 70 123 45 47 26 72 55 76 165 42 1 -1
-1
40 55 49 24 202 56 0 170 183 22 70 229 72 284 24 51 258 23 -1
30 19 18 19 55 76 333 18 42 1 -1
5 165 69 1 246 55 343 122 23 248 49 49 65 52 17 72 1 -1
246 56 322 70 49 49 65 52 226 62 0 322 70 56 40 55 346 49 51 72 1 -1
61 42 0 246 31 210 247 23 322 70 49 49 65 52 21 70 73 47 0 -1
322 70 55 351 55 371 76 36 45 22 71 53 27 18 217 45 47 26 43 32 72 1 -1
65 56 66 201 65 51 26 0 323 34 62 0 152 59 0 157 34 62 65 51 18 1 -1
51 39 51 70 0 108 269 55 65 55 23 65 56 66 131 25 150 45 42 22 70 48 17 72 6 -1
-1
36 72 49 0 170 183 52 46 18 47 21 70 73 72 339 23 168 75 73 42 1 -1
5 165 69 1 75 42 34 56 0 36 60 47 76 244 34 26 36 72 6 -1
61 42 168 75 73 42 1 -1
5 234 24 34 72 38 1 30 73 70 55 30 49 57 56 0 -1
243 37 60 24 65 55 48 17 71 0 245 212 48 17 72 6 -1
-1
61 42 168 75 73 42 1 5 205 56 253 224 34 42 1 -1
75 42 34 56 79 102 93 78 48 17 71 0 83 97 85 48 17 72 1 -1
185 233 48 17 71 0 185 169 48 17 72 1 -1
75 42 34 56 0 137 26 214 52 56 0 18 55 44 55 250 55 267 22 70 -1
126 51 34 52 111 61 38 72 1 -1
-1
237 364 76 312 72 214 56 0 30 73 70 55 65 55 76 273 279 36 72 1 -1
75 42 34 56 322 55 246 49 51 71 0 322 56 75 42 34 55 197 49 51 72 1 -1
-1
34 22 34 0 21 26 59 68 19 214 0 326 243 154 55 214 0 -1
275 63 60 24 214 0 248 76 190 36 214 0 326 325 174 55 214 0 -1
341 230 76 174 19 214 0 158 274 76 318 63 214 0 -1
36 60 47 147 71 76 168 19 214 50 65 55 222 28 72 332 56 0 -1
129 49 367 121 49 55 317 20 72 290 55 292 52 51 72 1 -1
30 73 23 285 9 55 201 48 17 72 6 -1
-1
61 42 0 185 169 55 14 46 55 187 134 55 345 44 47 18 72 -1
17 55 14 46 55 321 76 207 45 47 18 42 -1
14 248 55 170 194 18 55 58 49 71 23 363 42 1 -1
322 56 202 52 376 34 47 0 30 19 168 45 42 1 -1
5 30 30 52 363 51 32 18 1 202 56 17 51 42 52 0 -1
238 359 55 186 48 17 72 130 127 76 165 38 61 34 68 19 6 -1
-1
40 34 47 170 194 18 56 170 372 52 69 45 47 -1
202 76 284 24 51 176 18 191 52 375 73 47 174 45 47 0 -1
257 51 72 302 82 102 88 103 96 23 246 55 62 65 49 76 229 47 0 -1
299 22 70 123 45 47 26 72 55 76 165 38 42 1 -1
-1
302 52 56 246 55 115 171 23 17 45 42 1 -1
40 55 146 24 56 176 126 51 338 261 52 206 47 21 71 0 -1
308 24 298 45 42 336 155 55 69 19 48 17 45 42 1 -1
-1
302 52 56 284 24 51 176 18 241 335 49 8 9 55 353 23 17 45 47 0 -1
40 73 70 55 353 52 56 8 9 248 55 170 194 18 23 21 71 0 -1
81 90 101 82 102 55 197 70 55 8 9 328 278 55 348 23 234 18 47 17 45 42 1 -1
-1
307 52 10 46 55 353 0 340 52 10 46 55 353 0 314 52 10 46 55 353 0 -1
259 52 10 46 55 353 23 17 45 42 1 -1
-1
61 42 0 302 55 241 335 52 56 8 9 55 304 283 261 23 17 71 0 -1
40 73 52 56 0 238 359 55 8 9 194 301 55 8 9 55 348 23 234 18 47 17 45 42 1 -1
-1
61 42 0 202 49 376 34 47 18 42 214 56 -1
302 49 40 55 353 49 40 55 241 335 49 76 277 72 -1
156 55 277 71 33 21 76 207 45 47 18 42 1 -1
-1
302 56 195 135 48 0 40 55 296 32 49 330 56 310 35 48 17 72 1 -1
322 23 40 55 32 21 48 302 76 277 72 49 0 -1
8 344 9 264 90 91 92 80 83 104 48 17 45 42 1 -1
296 32 65 330 65 176 32 65 310 35 48 17 72 1 -1
-1
61 42 0 322 23 40 55 241 335 76 277 72 49 0 -1
248 139 55 215 303 48 8 11 11 95 4 86 100 90 17 45 42 1 -1
30 73 23 170 194 18 55 215 303 48 65 17 45 42 1 -1
-1
40 55 241 335 56 336 155 48 189 70 73 0 -1
302 56 180 35 71 28 55 51 18 85 101 90 52 206 42 232 156 48 48 24 47 18 42 1 -1
-1
302 55 241 335 55 304 283 261 56 17 70 67 72 338 261 48 242 70 73 47 18 42 1 -1
285 8 55 304 283 261 56 336 155 0 285 9 56 88 93 78 81 99 0 -1
285 10 56 155 251 0 285 11 56 370 155 0 285 12 56 262 213 64 55 19 0 -1
285 13 56 262 64 55 19 0 285 14 56 144 22 77 70 77 261 0 -1
285 15 56 370 293 261 0 285 16 56 121 155 0 285 8 7 56 370 155 251 0 -1
285 8 8 56 260 155 0 285 8 9 56 203 250 239 48 17 45 42 1 -1
-1
61 42 0 8 9 55 353 56 8 9 55 245 220 48 17 45 42 1 -1
50 55 353 65 40 73 41 73 8 46 55 245 220 22 70 48 24 47 18 42 1 -1
302 55 284 298 71 56 0 308 24 298 45 42 85 101 90 55 69 19 51 -1
232 156 48 17 45 42 1 -1
-1
202 56 0 30 55 302 55 292 52 246 300 76 165 51 22 45 42 1 -1
40 73 56 344 331 55 199 320 214 48 17 72 0 246 48 17 70 73 72 216 49 0 -1
238 359 49 23 302 55 246 300 43 22 70 48 17 72 1 -1
-1
302 52 56 0 30 73 76 240 70 36 280 362 65 162 65 18 70 51 18 1 -1
49 18 19 55 56 0 246 55 115 171 23 302 76 240 70 34 0 -1
238 359 23 302 55 17 22 71 43 22 70 48 17 72 1 -1
-1
235 178 55 346 23 0 302 55 171 52 69 45 47 337 62 0 -1
288 55 120 42 44 56 40 55 115 171 76 159 20 47 302 52 363 72 1 -1
-1
302 55 353 56 8 316 292 160 34 47 334 35 72 30 49 23 51 18 1 -1
40 30 52 56 354 23 51 18 22 70 48 17 72 1 -1
-1
30 19 34 47 0 248 3 56 235 178 55 346 55 115 171 49 356 73 49 76 0 -1
40 30 52 159 20 47 363 72 1 -1
-1
34 22 34 0 36 60 47 55 118 73 42 214 66 0 275 63 60 24 30 49 49 -1
147 71 49 76 174 19 214 56 0 160 34 47 302 52 56 18 73 51 18 1 -1
238 359 55 18 55 44 55 234 52 348 23 234 18 47 17 72 214 43 28 23 0 -1
56 18 72 30 49 23 48 24 72 1 -1
-1
-1
170 194 18 56 61 42 0 202 52 250 239 55 69 19 52 171 72 18 55 44 55 -1
250 55 265 76 165 38 42 1 -1
40 73 56 246 49 238 359 49 55 170 183 22 70 229 47 0 -1
302 55 284 298 71 55 292 119 76 366 73 47 18 42 1 -1
265 55 369 140 52 56 0 18 55 44 55 350 23 17 45 47 0 -1
8 9 221 55 212 23 51 71 0 342 162 0 212 23 48 24 42 1 -1
61 42 0 40 55 350 55 360 56 235 178 55 346 76 18 66 34 42 1 -1
-1
65 56 66 223 75 73 72 65 55 56 125 65 51 18 1 -1
246 49 238 359 49 55 170 183 23 302 55 292 52 17 45 47 0 -1
40 55 34 65 60 42 44 56 246 52 193 20 0 -1
246 55 170 141 76 154 25 165 72 1 -1
61 42 0 322 70 55 136 52 56 246 55 348 23 46 18 47 18 72 1 -1
-1
65 56 66 354 23 51 18 1 -1
246 48 17 72 216 23 322 70 76 240 70 32 73 72 55 48 0 -1
322 70 52 56 49 65 34 59 55 171 65 280 362 55 171 65 18 70 51 18 1 -1
322 70 56 116 117 52 120 48 17 72 1 -1
-1
170 194 18 56 61 42 202 52 0 -1
5 30 73 70 55 30 49 57 56 0 243 37 60 24 65 55 48 17 71 0 -1
245 212 51 55 48 36 6 -1
49 168 45 42 1 -1
357 168 214 42 44 55 42 61 34 18 55 246 48 17 72 216 56 0 -1
40 55 170 194 18 76 166 75 34 0 -1
36 27 52 145 30 72 60 24 205 76 0 -1
40 55 34 65 60 42 44 52 209 40 19 49 32 73 42 55 48 17 72 1 -1
-1
5 165 69 1 202 56 36 27 52 363 72 1 -1
30 55 234 55 357 168 55 30 49 57 76 164 26 218 72 214 56 0 172 18 48 17 72 6 -1
-1