315 55 266 18 56 0 246 3 55 170 168 360 49 151 52 143 32 73 72 179 316 0 -1 
40 55 225 75 71 76 177 29 42 1 -1 
315 55 204 374 0 284 18 51 72 110 198 209 36 266 18 56 0 -1 
237 364 55 319 76 65 45 47 228 32 73 0 -1 
299 55 146 24 76 65 45 47 356 73 51 72 0 156 55 98 4 102 49 51 74 19 1 -1 
-1 
30 55 288 52 47 0 296 24 52 75 42 72 346 55 157 297 55 152 59 56 0 -1 
284 18 51 72 110 198 55 124 247 0 -1 
276 44 315 55 219 52 36 72 0 268 57 73 34 214 55 163 52 47 -1 
106 34 24 221 49 49 65 52 0 217 71 236 22 73 42 1 -1 
-1 
165 69 0 227 157 34 26 291 22 73 34 0 201 55 188 56 -1 
146 24 76 288 52 65 42 70 36 0 271 373 51 72 324 49 34 47 69 62 23 20 72 1 -1 
335 49 306 52 22 30 61 73 34 40 55 196 56 -1 
313 52 65 0 133 52 65 -1 
113 289 55 295 49 34 47 0 40 55 196 76 288 52 114 36 48 17 74 19 1 -1 
82 81 89 79 55 0 284 18 51 72 263 270 52 34 47 120 51 72 0 -1 
87 4 94 101 2 84 4 104 55 196 56 217 71 352 32 73 42 1 -1 
-1 
61 65 51 26 0 288 55 197 70 23 184 59 309 76 123 29 0 -1 
358 24 175 71 55 256 286 23 329 49 151 52 361 71 0 -1 
255 349 55 267 69 71 294 23 73 72 257 51 72 79 103 104 55 366 73 56 0 -1 
17 61 54 26 30 55 288 76 231 36 48 17 74 19 1 -1 
333 28 0 248 148 57 53 116 117 55 128 47 52 138 167 32 73 72 366 73 23 0 -1 
109 284 51 72 270 263 55 258 49 282 75 71 47 153 24 75 42 72 55 76 -1 
346 55 287 24 49 19 64 24 23 0 315 49 246 3 76 192 20 72 112 52 51 72 55 76 -1 
-1 
65 56 66 0 116 24 208 55 366 73 52 69 45 47 32 20 -1 
51 52 58 49 46 366 32 73 72 30 49 56 51 18 48 17 74 19 1 -1 
-1 
34 22 34 0 299 49 288 23 75 71 70 73 34 40 55 208 69 71 0 -1 
106 34 24 221 56 250 55 31 49 26 211 22 73 0 -1 
323 34 62 55 371 0 366 32 73 42 72 161 52 47 231 18 -1 
281 44 42 72 128 212 76 40 55 200 52 46 28 72 1 -1 
21 21 0 211 22 73 42 72 288 0 305 377 55 284 132 55 31 49 26 1 -1 
21 21 0 40 55 252 0 19 44 69 38 70 73 42 72 182 55 31 49 26 1 -1 
249 24 17 29 70 73 42 72 214 56 0 -1 
315 52 347 252 55 181 23 272 48 72 0 323 105 55 112 76 32 32 66 26 48 17 74 19 1 -1 
40 73 56 0 315 76 149 64 72 346 286 55 142 71 -1 
40 30 56 0 315 55 173 36 60 24 244 42 51 72 288 -1 
366 73 34 246 3 55 371 56 0 315 76 311 26 48 17 74 19 1 -1 
315 55 219 69 71 163 23 365 73 72 30 49 56 51 18 0 -1 
-1 
21 21 0 246 3 55 170 219 52 55 38 70 73 42 72 214 69 -1 
244 42 51 72 368 55 208 61 48 0 -1 
40 55 181 52 107 70 25 76 355 20 72 23 69 22 74 19 1 -1 
